200731 200611
200801 200612
200802 200613
200803 200614
200804 200615
200805 200616
200806 200617
200807 200618
200808 200619
200809 200620
200810 200621
200811 200622
200812 200623
200813 200624
200814 200625
200815 200626
200816 200627
200817 200628
200818 200629
200819 200701
200820 200702
200821 200703
200822 200704
200823 200705
200824 200706
200825 200707
200826 200708
200827 200709
200828 200710
200829 200711
200830 200712
200831 200713
200901 200714
200902 200715
200903 200716
200904 200717
200905 200718
200906 200719
200907 200720
200908 200721
200909 200722
200910 200723
200911 200724
200912 200725
200913 200726
200914 200727
200915 200728
200916 200729
200917 200801
200918 200802
200919 200803
200920 200804
200921 200805
200922 200806
200923 200807
200924 200808
200925 200809
200926 200810
200927 200811
200928 200812
200929 200813
200930 200814
201001 200815
201002 200816
201003 200817
201004 200818
201005 200819
201006 200820
201007 200821
201008 200822
201009 200823
201010 200824
201011 200825
201012 200826
201013 200827
201014 200828
201015 200829
201016 200830
201017 200901
201018 200902
201019 200903
201020 200904
201021 200905
201022 200906
201023 200907
201024 200908
201025 200909
201026 200910
201027 200911
201028 200912
201029 200913
201030 200914
201031 200915
201101 200916
201102 200917
201103 200918
201104 200919
201105 200920
201106 200921
201107 200922
201108 200923
201109 200924
201110 200925
201111 200926
201112 200927
201113 200928
201114 200929
201115 201001
201116 201002
201117 201003
201118 201004
201119 201005
201120 201006
201121 201007
201122 201008
201123 201009
201124 201010
201125 201011
201126 201012
201127 201013
201128 201014
201129 201015
201130 201016
201201 201017
201202 201018
201203 201019
201204 201020
201205 201021
201206 201022
201207 201023
201208 201024
201209 201025
201210 201026
201211 201027
201212 201028
201213 201029
201214 201030
201215 201101
201216 201102
201217 201103
201218 201104
201219 201105
201220 201106
201221 201107
201222 201108
201223 201109
201224 201110
201225 201111
201226 201112
201227 201113
201228 201114
201229 201115
201230 201116
201231 201117
210101 201118
210102 201119
210103 201120
210104 201121
210105 201122
210106 201123
210107 201124
210108 201125
210109 201126
210110 201127
210111 201128
210112 201129
210113 201201
210114 201202
210115 201203
210116 201204
210117 201205
210118 201206
210119 201207
210120 201208
210121 201209
210122 201210
210123 201211
210124 201212
210125 201213
210126 201214
210127 201215
210128 201216
210129 201217
210130 201218
210131 201219
210201 201220
210202 201221
210203 211222
210204 211223
210205 211224
210206 211225
210207 211226
210208 211227
210209 211228
210210 211229
210211 211230
210212 210101
210213 210102
210214 210103
210215 210104
210216 210105
210217 210106
210218 210107
210219 210108
210220 210109
210221 210110
210222 210111
210223 210112
210224 210113
210225 210114
210226 210115
210227 210116
210228 210117
210301 210118
210302 210119
210303 210120
210304 210121
210305 210122
210306 210123
210307 210124
210308 210125
210309 210126
210310 210127
210311 210128
210312 210129
210313 210201
210314 210202
210315 210203
210316 210204
210317 210205
210318 210206
210319 210207
210320 210208
210321 210209
210322 210210
210323 210211
210324 210212
210325 210213
210326 210214
210327 210215
210328 210216
210329 210217
210330 210218
210331 210219
210401 210220
210402 210221
210403 210222
210404 210223
210405 210224
210406 210225
210407 210226
210408 210227
210409 210228
210410 210229
210411 210230
210412 210301
210413 210302
210414 210303
210415 210304
210416 210305
210417 210306
210418 210307
210419 210308
210420 210309
210421 210310
210422 210311
210423 210312
210424 210313
210425 210314
210426 210315
210427 210316
210428 210317
210429 210318
210430 210319
210501 210320
210502 210321
210503 210322
210504 210323
210505 210324
210506 210325
210507 210326
210508 210327
210509 210328
210510 210329
210511 210330
210512 210401
210513 210402
210514 210403
210515 210404
210516 210405
210517 210406
210518 210407
210519 210408
210520 210409
210521 210410
210522 210411
210523 210412
210524 210413
210525 210414
210526 210415
210527 210416
210528 210417
210529 210418
210530 210419
210531 210420
210601 210421
210602 210422
210603 210423
210604 210424
210605 210425
210606 210426
210607 210427
210608 210428
210609 210429
210610 210501
210611 210502
210612 210503
210613 210504
210614 210505
210615 210506
210616 210507
210617 210508
210618 210509
210619 210510
210620 210511
210621 210512
210622 210513
210623 210514
210624 210515
210625 210516
210626 210517
210627 210518
210628 210519
210629 210520
210630 210521
210701 210522
210702 210523
210703 210524
210704 210525
210705 210526
210706 210527
210707 210528
210708 210529
210709 210530
210710 210601
210711 210602
210712 210603
210713 210604
210714 210605
210715 210606
210716 210607
210717 210608
210718 210609
210719 210610
210720 210611
210721 210612
210722 210613
210723 210614
210724 210615
210725 210616
210726 210617
210727 210618
210728 210619
210729 210620
210730 210621
210731 210622
210801 210623
210802 210624
210803 210625
210804 210626
210805 210627
210806 210628
210807 210629
210808 210701
210809 210702
210810 210703
210811 210704
210812 210705
210813 210706
210814 210707
210815 210708
210816 210709
210817 210710
210818 210711
210819 210712
210820 210713
210821 210714
210822 210715
210823 210716
210824 210717
210825 210718
210826 210719
210827 210720
210828 210721
210829 210722
210830 210723
210831 210724
210901 210725
210902 210726
210903 210727
210904 210728
210905 210729
210906 210730
210907 210801
210908 210802
210909 210803
210910 210804
210911 210805
210912 210806
210913 210807
210914 210808
210915 210809
210916 210810
210917 210811
210918 210812
210919 210813
210920 210814
210921 210815
210922 210816
210923 210817
210924 210818
210925 210819
210926 210820
210927 210821
210928 210822
210929 210823
210930 210824
211001 210825
211002 210826
211003 210827
211004 210828
211005 210829
211006 210901
211007 210902
211008 210903
211009 210904
211010 210905
211011 210906
211012 210907
211013 210908
211014 210909
211015 210910
211016 210911
211017 210912
211018 210913
211019 210914
211020 210915
211021 210916
211022 210917
211023 210918
211024 210919
211025 210920
211026 210921
211027 210922
211028 210923
211029 210924
211030 210925
211031 210926
211101 210927
211102 210928
211103 210929
211104 210930
211105 211001
211106 211002
211107 211003
211108 211004
211109 211005
211110 211006
211111 211007
211112 211008
211113 211009
211114 211010
211115 211011
211116 211012
211117 211013
211118 211014
211119 211015
211120 211016
211121 211017
211122 211018
211123 211019
211124 211020
211125 211021
211126 211022
211127 211023
211128 211024
211129 211025
211130 211026
211201 211027
211202 211028
211203 211029
211204 211101
211205 211102
211206 211103
211207 211104
211208 211105
211209 211106
211210 211107
211211 211108
211212 211109
211213 211110
211214 211111
211215 211112
211216 211113
211217 211114
211218 211115
211219 211116
211220 211117
211221 211118
211222 211119
211223 211120
211224 211121
211225 211122
211226 211123
211227 211124
211228 211125
211229 211126
211230 211127
211231 211128
220101 211129
220102 211130
220103 211201
220104 211202
220105 211203
220106 211204
220107 211205
220108 211206
220109 211207
220110 211208
220111 211209
220112 211210
220113 211211
220114 211212
220115 211213
220116 211214
220117 211215
220118 211216
220119 211217
220120 211218
220121 211219
220122 211220
220123 211221
220124 211222
220125 211223
220126 211224
220127 211225
220128 211226
220129 211227
220130 211228
220131 211229
220201 210101
220202 210102
220203 210103
220204 220104
220205 220105
220206 220106
220207 220107
220208 220108
220209 220109
220210 220110
220211 220111
220212 220112
220213 220113
220214 220114
220215 220115
220216 220116
220217 220117
220218 220118
220219 220119
220220 220120
220221 220121
220222 220122
220223 220123
220224 220124
220225 220125
220226 220126
220227 220127
220228 220128
220301 220129
220302 220130
220303 220201
220304 220202
220305 220203
220306 220204
220307 220205
220308 220206
220309 220207
220310 220208
220311 220209
220312 220210
220313 220211
220314 220212
220315 220213
220316 220214
220317 220215
220318 220216
220319 220217
220320 220218
220321 220219
220322 220220
220323 220221
220324 220222
220325 220223
220326 220224
220327 220225
220328 220226
220329 220227
220330 220228
220331 220229
220401 220301
220402 220302
220403 220303
220404 220304
220405 220305
220406 220306
220407 220307
220408 220308
220409 220309
220410 220310
220411 220311
220412 220312
220413 220313
220414 220314
220415 220315
220416 220316
220417 220317
220418 220318
220419 220319
220420 220320
220421 220321
220422 220322
220423 220323
220424 220324
220425 220325
220426 220326
220427 220327
220428 220328
220429 220329
220430 220330
220501 220401
220502 220402
220503 220403
220504 220404
220505 220405
220506 220406
220507 220407
220508 220408
220509 220409
220510 220410
220511 220411
220512 220412
220513 220413
220514 220414
220515 220415
220516 220416
220517 220417
220518 220418
220519 220419
220520 220420
220521 220421
220522 220422
220523 220423
220524 220424
220525 220425
220526 220426
220527 220427
220528 220428
220529 220429
220530 220501
220531 220502
220601 220503
220602 220504
220603 220505
220604 220506
220605 220507
220606 220508
220607 220509
220608 220510
220609 220511
220610 220512
220611 220513
220612 220514
220613 220515
220614 220516
220615 220517
220616 220518
220617 220519
220618 220520
220619 220521
220620 220522
220621 220523
220622 220524
220623 220525
220624 220526
220625 220527
220626 220528
220627 220529
220628 220530
220629 220601
220630 220602
220701 220603
220702 220604
220703 220605
220704 220606
220705 220607
220706 220608
220707 220609
220708 220610
220709 220611
220710 220612
220711 220613
220712 220614
220713 220615
220714 220616
220715 220617
220716 220618
220717 220619
220718 220620
220719 220621
220720 220622
220721 220623
220722 220624
220723 220625
220724 220626
220725 220627
220726 220628
220727 220629
220728 220630
220729 220701
220730 220702
220731 220703
220801 220704
220802 220705
220803 220706
220804 220707
220805 220708
220806 220709
220807 220710
220808 220711
220809 220712
220810 220713
220811 220714
220812 220715
220813 220716
220814 220717
220815 220718
220816 220719
220817 220720
220818 220721
220819 220722
220820 220723
220821 220724
220822 220725
220823 220726
220824 220727
220825 220728
220826 220729
220827 220801
220828 220802
220829 220803
220830 220804
220831 220805
220901 220806
220902 220807
220903 220808
220904 220809
220905 220810
220906 220811
220907 220812
220908 220813
220909 220814
220910 220815
220911 220816
220912 220817
220913 220818
220914 220819
220915 220820
220916 220821
220917 220822
220918 220823
220919 220824
220920 220825
220921 220826
220922 220827
220923 220828
220924 220829
220925 220830
220926 220901
220927 220902
220928 220903
220929 220904
220930 220905
221001 220906
221002 220907
221003 220908
221004 220909
221005 220910
221006 220911
221007 220912
221008 220913
221009 220914
221010 220915
221011 220916
221012 220917
221013 220918
221014 220919
221015 220920
221016 220921
221017 220922
221018 220923
221019 220924
221020 220925
221021 220926
221022 220927
221023 220928
221024 220929
221025 221001
221026 221002
221027 221003
221028 221004
221029 221005
221030 221006
221031 221007
221101 221008
221102 221009
221103 221010
221104 221011
221105 221012
221106 221013
221107 221014
221108 221015
221109 221016
221110 221017
221111 221018
221112 221019
221113 221020
221114 221021
221115 221022
221116 221023
221117 221024
221118 221025
221119 221026
221120 221027
221121 221028
221122 221029
221123 221030
221124 221101
221125 221102
221126 221103
221127 221104
221128 221105
221129 221106
221130 221107
221201 221108
221202 221109
221203 221110
221204 221111
221205 221112
221206 221113
221207 221114
221208 221115
221209 221116
221210 221117
221211 221118
221212 221119
221213 221120
221214 221121
221215 221122
221216 221123
221217 221124
221218 221125
221219 221126
221220 221127
221221 221128
221222 221129
221223 221201
221224 221202
221225 221203
221226 221204
221227 221205
221228 221206
221229 221207
221230 221208
221231 221209
230101 221210
230102 221211
230103 221212
230104 221213
230105 221214
230106 221215
230107 221216
230108 221217
230109 221218
230110 221219
230111 221220
230112 221221
230113 221222
230114 221223
230115 221224
230116 221225
230117 221226
230118 221227
230119 221228
230120 221229
230121 221230
230122 220101
230123 220102
230124 220103
230125 220104
230126 220105
230127 220106
230128 220107
230129 220108
230130 220109
230131 220110
230201 220111
230202 220112
230203 220113
230204 230114
230205 230115
230206 230116
230207 230117
230208 230118
230209 230119
230210 230120
230211 230121
230212 230122
230213 230123
230214 230124
230215 230125
230216 230126
230217 230127
230218 230128
230219 230129
230220 230201
230221 230202
230222 230203
230223 230204
230224 230205
230225 230206
230226 230207
230227 230208
230228 230209
230301 230210
230302 230211
230303 230212
230304 230213
230305 230214
230306 230215
230307 230216
230308 230217
230309 230218
230310 230219
230311 230220
230312 230221
230313 230222
230314 230223
230315 230224
230316 230225
230317 230226
230318 230227
230319 230228
230320 230229
230321 230230
230322 230201
230323 230202
230324 230203
230325 230204
230326 230205
230327 230206
230328 230207
230329 230208
230330 230209
230331 230210
230401 230211
230402 230212
230403 230213
230404 230214
230405 230215
230406 230216
230407 230217
230408 230218
230409 230219
230410 230220
230411 230221
230412 230222
230413 230223
230414 230224
230415 230225
230416 230226
230417 230227
230418 230228
230419 230229
230420 230301
230421 230302
230422 230303
230423 230304
230424 230305
230425 230306
230426 230307
230427 230308
230428 230309
230429 230310
230430 230311
230501 230312
230502 230313
230503 230314
230504 230315
230505 230316
230506 230317
230507 230318
230508 230319
230509 230320
230510 230321
230511 230322
230512 230323
230513 230324
230514 230325
230515 230326
230516 230327
230517 230328
230518 230329
230519 230401
230520 230402
230521 230403
230522 230404
230523 230405
230524 230406
230525 230407
230526 230408
230527 230409
230528 230410
230529 230411
230530 230412
230531 230413
230601 230414
230602 230415
230603 230416
230604 230417
230605 230418
230606 230419
230607 230420
230608 230421
230609 230422
230610 230423
230611 230424
230612 230425
230613 230426
230614 230427
230615 230428
230616 230429
230617 230430
230618 230501
230619 230502
230620 230503
230621 230504
230622 230505
230623 230506
230624 230507
230625 230508
230626 230509
230627 230510
230628 230511
230629 230512
230630 230513
230701 230514
230702 230515
230703 230516
230704 230517
230705 230518
230706 230519
230707 230520
230708 230521
230709 230522
230710 230523
230711 230524
230712 230525
230713 230526
230714 230527
230715 230528
230716 230529
230717 230530
230718 230601
230719 230602
230720 230603
230721 230604
230722 230605
230723 230606
230724 230607
230725 230608
230726 230609
230727 230610
230728 230611
230729 230612
230730 230613
230731 230614
230801 230615
230802 230616
230803 230617
230804 230618
230805 230619
230806 230620
230807 230621
230808 230622
230809 230623
230810 230624
230811 230625
230812 230626
230813 230627
230814 230628
230815 230629
230816 230701
230817 230702
230818 230703
230819 230704
230820 230705
230821 230706
230822 230707
230823 230708
230824 230709
230825 230710
230826 230711
230827 230712
230828 230713
230829 230714
230830 230715
230831 230716
230901 230717
230902 230718
230903 230719
230904 230720
230905 230721
230906 230722
230907 230723
230908 230724
230909 230725
230910 230726
230911 230727
230912 230728
230913 230729
230914 230730
230915 230801
230916 230802
230917 230803
230918 230804
230919 230805
230920 230806
230921 230807
230922 230808
230923 230809
230924 230810
230925 230811
230926 230812
230927 230813
230928 230814
230929 230815
230930 230816
231001 230817
231002 230818
231003 230819
231004 230820
231005 230821
231006 230822
231007 230823
231008 230824
231009 230825
231010 230826
231011 230827
231012 230828
231013 230829
231014 230830
231015 230901
231016 230902
231017 230903
231018 230904
231019 230905
231020 230906
231021 230907
231022 230908
231023 230909
231024 230910
231025 230911
231026 230912
231027 230913
231028 230914
231029 230915
231030 230916
231031 230917
231101 230918
231102 230919
231103 230920
231104 230921
231105 230922
231106 230923
231107 230924
231108 230925
231109 230926
231110 230927
231111 230928
231112 230929
231113 231001
231114 231002
231115 231003
231116 231004
231117 231005
231118 231006
231119 231007
231120 231008
231121 231009
231122 231010
231123 231011
231124 231012
231125 231013
231126 231014
231127 231015
231128 231016
231129 231017
231130 231018
231201 231019
231202 231020
231203 231021
231204 231022
231205 231023
231206 231024
231207 231025
231208 231026
231209 231027
231210 231028
231211 231029
231212 231030
231213 231101
231214 231102
231215 231103
231216 231104
231217 231105
231218 231106
231219 231107
231220 231108
231221 231109
231222 231110
231223 231111
231224 231112
231225 231113
231226 231114
231227 231115
231228 231116
231229 231117
231230 231118
231231 231119
240101 231120
240102 231121
240103 231122
240104 231123
240105 231124
240106 231125
240107 231126
240108 231127
240109 231128
240110 231129
240111 231201
240112 231202
240113 231203
240114 231204
240115 231205
240116 231206
240117 231207
240118 231208
240119 231209
240120 231210
240121 231211
240122 231212
240123 231213
240124 231214
240125 231215
240126 231216
240127 231217
240128 231218
240129 231219
240130 231220
240131 231221
240201 231222
240202 231223
240203 231224
240204 241225
240205 241226
240206 241227
240207 241228
240208 241229
240209 241230
240210 240101
240211 240102
240212 240103
240213 240104
240214 240105
240215 240106
240216 240107
240217 240108
240218 240109
240219 240110
240220 240111
240221 240112
240222 240113
240223 240114
240224 240115
240225 240116
240226 240117
240227 240118
240228 240119
240229 240120
240301 240121
240302 240122
240303 240123
240304 240124
240305 240125
240306 240126
240307 240127
240308 240128
240309 240129
240310 240201
240311 240202
240312 240203
240313 240204
240314 240205
240315 240206
240316 240207
240317 240208
240318 240209
240319 240210
240320 240211
240321 240212
240322 240213
240323 240214
240324 240215
240325 240216
240326 240217
240327 240218
240328 240219
240329 240220
240330 240221
240331 240222
240401 240223
240402 240224
240403 240225
240404 240226
240405 240227
240406 240228
240407 240229
240408 240230
240409 240301
240410 240302
240411 240303
240412 240304
240413 240305
240414 240306
240415 240307
240416 240308
240417 240309
240418 240310
240419 240311
240420 240312
240421 240313
240422 240314
240423 240315
240424 240316
240425 240317
240426 240318
240427 240319
240428 240320
240429 240321
240430 240322
240501 240323
240502 240324
240503 240325
240504 240326
240505 240327
240506 240328
240507 240329
240508 240401
240509 240402
240510 240403
240511 240404
240512 240405
240513 240406
240514 240407
240515 240408
240516 240409
240517 240410
240518 240411
240519 240412
240520 240413
240521 240414
240522 240415
240523 240416
240524 240417
240525 240418
240526 240419
240527 240420
240528 240421
240529 240422
240530 240423
240531 240424
240601 240425
240602 240426
240603 240427
240604 240428
240605 240429
240606 240501
240607 240502
240608 240503
240609 240504
240610 240505
240611 240506
240612 240507
240613 240508
240614 240509
240615 240510
240616 240511
240617 240512
240618 240513
240619 240514
240620 240515
240621 240516
240622 240517
240623 240518
240624 240519
240625 240520
240626 240521
240627 240522
240628 240523
240629 240524
240630 240525
240701 240526
240702 240527
240703 240528
240704 240529
240705 240530
240706 240601
240707 240602
240708 240603
240709 240604
240710 240605
240711 240606
240712 240607
240713 240608
240714 240609
240715 240610
240716 240611
240717 240612
240718 240613
240719 240614
240720 240615
240721 240616
240722 240617
240723 240618
240724 240619
240725 240620
240726 240621
240727 240622
240728 240623
240729 240624
240730 240625
240731 240626
240801 240627
240802 240628
240803 240629
240804 240701
240805 240702
240806 240703
240807 240704
240808 240705
240809 240706
240810 240707
240811 240708
240812 240709
240813 240710
240814 240711
240815 240712
240816 240713
240817 240714
240818 240715
240819 240716
240820 240717
240821 240718
240822 240719
240823 240720
240824 240721
240825 240722
240826 240723
240827 240724
240828 240725
240829 240726
240830 240727
240831 240728
240901 240729
240902 240730
240903 240801
240904 240802
240905 240803
240906 240804
240907 240805
240908 240806
240909 240807
240910 240808
240911 240809
240912 240810
240913 240811
240914 240812
240915 240813
240916 240814
240917 240815
240918 240816
240919 240817
240920 240818
240921 240819
240922 240820
240923 240821
240924 240822
240925 240823
240926 240824
240927 240825
240928 240826
240929 240827
240930 240828
241001 240829
241002 240830
241003 240901
241004 240902
241005 240903
241006 240904
241007 240905
241008 240906
241009 240907
241010 240908
241011 240909
241012 240910
241013 240911
241014 240912
241015 240913
241016 240914
241017 240915
241018 240916
241019 240917
241020 240918
241021 240919
241022 240920
241023 240921
241024 240922
241025 240923
241026 240924
241027 240925
241028 240926
241029 240927
241030 240928
241031 240929
241101 241001
241102 241002
241103 241003
241104 241004
241105 241005
241106 241006
241107 241007
241108 241008
241109 241009
241110 241010
241111 241011
241112 241012
241113 241013
241114 241014
241115 241015
241116 241016
241117 241017
241118 241018
241119 241019
241120 241020
241121 241021
241122 241022
241123 241023
241124 241024
241125 241025
241126 241026
241127 241027
241128 241028
241129 241029
241130 241030
241201 241101
241202 241102
241203 241103
241204 241104
241205 241105
241206 241106
241207 241107
241208 241108
241209 241109
241210 241110
241211 241111
241212 241112
241213 241113
241214 241114
241215 241115
241216 241116
241217 241117
241218 241118
241219 241119
241220 241120
241221 241121
241222 241122
241223 241123
241224 241124
241225 241125
241226 241126
241227 241127
241228 241128
241229 241129
241230 241130
241231 241201
250101 241202
250102 241203
250103 241204
250104 241205
250105 241206
250106 241207
250107 241208
250108 241209
250109 241210
250110 241211
250111 241212
250112 241213
250113 241214
250114 241215
250115 241216
250116 241217
250117 241218
250118 241219
250119 241220
250120 241221
250121 241222
250122 241223
250123 241224
250124 241225
250125 241226
250126 241227
250127 241228
250128 241229
250129 240101
250130 240102
250131 240103
250201 240104
250202 240105
250203 250106
250204 250107
250205 250108
250206 250109
250207 250110
250208 250111
250209 250112
250210 250113
250211 250114
250212 250115
250213 250116
250214 250117
250215 250118
250216 250119
250217 250120
250218 250121
250219 250122
250220 250123
250221 250124
250222 250125
250223 250126
250224 250127
250225 250128
250226 250129
250227 250130
250228 250201
250301 250202
250302 250203
250303 250204
250304 250205
250305 250206
250306 250207
250307 250208
250308 250209
250309 250210
250310 250211
250311 250212
250312 250213
250313 250214
250314 250215
250315 250216
250316 250217
250317 250218
250318 250219
250319 250220
250320 250221
250321 250222
250322 250223
250323 250224
250324 250225
250325 250226
250326 250227
250327 250228
250328 250229
250329 250301
250330 250302
250331 250303
250401 250304
250402 250305
250403 250306
250404 250307
250405 250308
250406 250309
250407 250310
250408 250311
250409 250312
250410 250313
250411 250314
250412 250315
250413 250316
250414 250317
250415 250318
250416 250319
250417 250320
250418 250321
250419 250322
250420 250323
250421 250324
250422 250325
250423 250326
250424 250327
250425 250328
250426 250329
250427 250330
250428 250401
250429 250402
250430 250403
250501 250404
250502 250405
250503 250406
250504 250407
250505 250408
250506 250409
250507 250410
250508 250411
250509 250412
250510 250413
250511 250414
250512 250415
250513 250416
250514 250417
250515 250418
250516 250419
250517 250420
250518 250421
250519 250422
250520 250423
250521 250424
250522 250425
250523 250426
250524 250427
250525 250428
250526 250429
250527 250501
250528 250502
250529 250503
250530 250504
250531 250505
250601 250506
250602 250507
250603 250508
250604 250509
250605 250510
250606 250511
250607 250512
250608 250513
250609 250514
250610 250515
250611 250516
250612 250517
250613 250518
250614 250519
250615 250520
250616 250521
250617 250522
250618 250523
250619 250524
250620 250525
250621 250526
250622 250527
250623 250528
250624 250529
250625 250601
250626 250602
250627 250603
250628 250604
250629 250605
250630 250606
250701 250607
250702 250608
250703 250609
250704 250610
250705 250611
250706 250612
250707 250613
250708 250614
250709 250615
250710 250616
250711 250617
250712 250618
250713 250619
250714 250620
250715 250621
250716 250622
250717 250623
250718 250624
250719 250625
250720 250626
250721 250627
250722 250628
250723 250629
250724 250630
250725 250601
250726 250602
250727 250603
250728 250604
250729 250605
250730 250606
250731 250607
250801 250608
250802 250609
250803 250610
250804 250611
250805 250612
250806 250613
250807 250614
250808 250615
250809 250616
250810 250617
250811 250618
250812 250619
250813 250620
250814 250621
250815 250622
250816 250623
250817 250624
250818 250625
250819 250626
250820 250627
250821 250628
250822 250629
250823 250701
250824 250702
250825 250703
250826 250704
250827 250705
250828 250706
250829 250707
250830 250708
250831 250709
250901 250710
250902 250711
250903 250712
250904 250713
250905 250714
250906 250715
250907 250716
250908 250717
250909 250718
250910 250719
250911 250720
250912 250721
250913 250722
250914 250723
250915 250724
250916 250725
250917 250726
250918 250727
250919 250728
250920 250729
250921 250730
250922 250801
250923 250802
250924 250803
250925 250804
250926 250805
250927 250806
250928 250807
250929 250808
250930 250809
251001 250810
251002 250811
251003 250812
251004 250813
251005 250814
251006 250815
251007 250816
251008 250817
251009 250818
251010 250819
251011 250820
251012 250821
251013 250822
251014 250823
251015 250824
251016 250825
251017 250826
251018 250827
251019 250828
251020 250829
251021 250901
251022 250902
251023 250903
251024 250904
251025 250905
251026 250906
251027 250907
251028 250908
251029 250909
251030 250910
251031 250911
251101 250912
251102 250913
251103 250914
251104 250915
251105 250916
251106 250917
251107 250918
251108 250919
251109 250920
251110 250921
251111 250922
251112 250923
251113 250924
251114 250925
251115 250926
251116 250927
251117 250928
251118 250929
251119 250930
251120 251001
251121 251002
251122 251003
251123 251004
251124 251005
251125 251006
251126 251007
251127 251008
251128 251009
251129 251010
251130 251011
251201 251012
251202 251013
251203 251014
251204 251015
251205 251016
251206 251017
251207 251018
251208 251019
251209 251020
251210 251021
251211 251022
251212 251023
251213 251024
251214 251025
251215 251026
251216 251027
251217 251028
251218 251029
251219 251030
251220 251101
251221 251102
251222 251103
251223 251104
251224 251105
251225 251106
251226 251107
251227 251108
251228 251109
251229 251110
251230 251111
251231 251112
260101 251113
260102 251114
260103 251115
260104 251116
260105 251117
260106 251118
260107 251119
260108 251120
260109 251121
260110 251122
260111 251123
260112 251124
260113 251125
260114 251126
260115 251127
260116 251128
260117 251129
260118 251130
260119 251201
260120 251202
260121 251203
260122 251204
260123 251205
260124 251206
260125 251207
260126 251208
260127 251209
260128 251210
260129 251211
260130 251212
260131 251213
260201 251214
260202 251215
260203 251216
260204 261217
260205 261218
260206 261219
260207 261220
260208 261221
260209 261222
260210 261223
260211 261224
260212 261225
260213 261226
260214 261227
260215 261228
260216 261229
260217 260101
260218 260102
260219 260103
260220 260104
260221 260105
260222 260106
260223 260107
260224 260108
260225 260109
260226 260110
260227 260111
260228 260112
260301 260113
260302 260114
260303 260115
260304 260116
260305 260117
260306 260118
260307 260119
260308 260120
260309 260121
260310 260122
260311 260123
260312 260124
260313 260125
260314 260126
260315 260127
260316 260128
260317 260129
260318 260130
260319 260201
260320 260202
260321 260203
260322 260204
260323 260205
260324 260206
260325 260207
260326 260208
260327 260209
260328 260210
260329 260211
260330 260212
260331 260213
260401 260214
260402 260215
260403 260216
260404 260217
260405 260218
260406 260219
260407 260220
260408 260221
260409 260222
260410 260223
260411 260224
260412 260225
260413 260226
260414 260227
260415 260228
260416 260229
260417 260301
260418 260302
260419 260303
260420 260304
260421 260305
260422 260306
260423 260307
260424 260308
260425 260309
260426 260310
260427 260311
260428 260312
260429 260313
260430 260314
260501 260315
260502 260316
260503 260317
260504 260318
260505 260319
260506 260320
260507 260321
260508 260322
260509 260323
260510 260324
260511 260325
260512 260326
260513 260327
260514 260328
260515 260329
260516 260330
260517 260401
260518 260402
260519 260403
260520 260404
260521 260405
260522 260406
260523 260407
260524 260408
260525 260409
260526 260410
260527 260411
260528 260412
260529 260413
260530 260414
260531 260415
260601 260416
260602 260417
260603 260418
260604 260419
260605 260420
260606 260421
260607 260422
260608 260423
260609 260424
260610 260425
260611 260426
260612 260427
260613 260428
260614 260429
260615 260501
260616 260502
260617 260503
260618 260504
260619 260505
260620 260506
260621 260507
260622 260508
260623 260509
260624 260510
260625 260511
260626 260512
260627 260513
260628 260514
260629 260515
260630 260516
260701 260517
260702 260518
260703 260519
260704 260520
260705 260521
260706 260522
260707 260523
260708 260524
260709 260525
260710 260526
260711 260527
260712 260528
260713 260529
260714 260601
260715 260602
260716 260603
260717 260604
260718 260605
260719 260606
260720 260607
260721 260608
260722 260609
260723 260610
260724 260611
260725 260612
260726 260613
260727 260614
260728 260615
260729 260616
260730 260617
260731 260618
260801 260619
260802 260620
260803 260621
260804 260622
260805 260623
260806 260624
260807 260625
260808 260626
260809 260627
260810 260628
260811 260629
260812 260630
260813 260701
260814 260702
260815 260703
260816 260704
260817 260705
260818 260706
260819 260707
260820 260708
260821 260709
260822 260710
260823 260711
260824 260712
260825 260713
260826 260714
260827 260715
260828 260716
260829 260717
260830 260718
260831 260719
260901 260720
260902 260721
260903 260722
260904 260723
260905 260724
260906 260725
260907 260726
260908 260727
260909 260728
260910 260729
260911 260801
260912 260802
260913 260803
260914 260804
260915 260805
260916 260806
260917 260807
260918 260808
260919 260809
260920 260810
260921 260811
260922 260812
260923 260813
260924 260814
260925 260815
260926 260816
260927 260817
260928 260818
260929 260819
260930 260820
261001 260821
261002 260822
261003 260823
261004 260824
261005 260825
261006 260826
261007 260827
261008 260828
261009 260829
261010 260901
261011 260902
261012 260903
261013 260904
261014 260905
261015 260906
261016 260907
261017 260908
261018 260909
261019 260910
261020 260911
261021 260912
261022 260913
261023 260914
261024 260915
261025 260916
261026 260917
261027 260918
261028 260919
261029 260920
261030 260921
261031 260922
261101 260923
261102 260924
261103 260925
261104 260926
261105 260927
261106 260928
261107 260929
261108 260930
261109 261001
261110 261002
261111 261003
261112 261004
261113 261005
261114 261006
261115 261007
261116 261008
261117 261009
261118 261010
261119 261011
261120 261012
261121 261013
261122 261014
261123 261015
261124 261016
261125 261017
261126 261018
261127 261019
261128 261020
261129 261021
261130 261022
261201 261023
261202 261024
261203 261025
261204 261026
261205 261027
261206 261028
261207 261029
261208 261030
261209 261101
261210 261102
261211 261103
261212 261104
261213 261105
261214 261106
261215 261107
261216 261108
261217 261109
261218 261110
261219 261111
261220 261112
261221 261113
261222 261114
261223 261115
261224 261116
261225 261117
261226 261118
261227 261119
261228 261120
261229 261121
261230 261122
261231 261123
270101 261124
270102 261125
270103 261126
270104 261127
270105 261128
270106 261129
270107 261130
270108 261201
270109 261202
270110 261203
270111 261204
270112 261205
270113 261206
270114 261207
270115 261208
270116 261209
270117 261210
270118 261211
270119 261212
270120 261213
270121 261214
270122 261215
270123 261216
270124 261217
270125 261218
270126 261219
270127 261220
270128 261221
270129 261222
270130 261223
270131 261224
270201 261225
270202 261226
270203 261227
270204 271228
270205 271229
270206 270101
270207 270102
270208 270103
270209 270104
270210 270105
270211 270106
270212 270107
270213 270108
270214 270109
270215 270110
270216 270111
270217 270112
270218 270113
270219 270114
270220 270115
270221 270116
270222 270117
270223 270118
270224 270119
270225 270120
270226 270121
270227 270122
270228 270123
270301 270124
270302 270125
270303 270126
270304 270127
270305 270128
270306 270129
270307 270130
270308 270201
270309 270202
270310 270203
270311 270204
270312 270205
270313 270206
270314 270207
270315 270208
270316 270209
270317 270210
270318 270211
270319 270212
270320 270213
270321 270214
270322 270215
270323 270216
270324 270217
270325 270218
270326 270219
270327 270220
270328 270221
270329 270222
270330 270223
270331 270224
270401 270225
270402 270226
270403 270227
270404 270228
270405 270229
270406 270230
270407 270301
270408 270302
270409 270303
270410 270304
270411 270305
270412 270306
270413 270307
270414 270308
270415 270309
270416 270310
270417 270311
270418 270312
270419 270313
270420 270314
270421 270315
270422 270316
270423 270317
270424 270318
270425 270319
270426 270320
270427 270321
270428 270322
270429 270323
270430 270324
270501 270325
270502 270326
270503 270327
270504 270328
270505 270329
270506 270401
270507 270402
270508 270403
270509 270404
270510 270405
270511 270406
270512 270407
270513 270408
270514 270409
270515 270410
270516 270411
270517 270412
270518 270413
270519 270414
270520 270415
270521 270416
270522 270417
270523 270418
270524 270419
270525 270420
270526 270421
270527 270422
270528 270423
270529 270424
270530 270425
270531 270426
270601 270427
270602 270428
270603 270429
270604 270430
270605 270501
270606 270502
270607 270503
270608 270504
270609 270505
270610 270506
270611 270507
270612 270508
270613 270509
270614 270510
270615 270511
270616 270512
270617 270513
270618 270514
270619 270515
270620 270516
270621 270517
270622 270518
270623 270519
270624 270520
270625 270521
270626 270522
270627 270523
270628 270524
270629 270525
270630 270526
270701 270527
270702 270528
270703 270529
270704 270601
270705 270602
270706 270603
270707 270604
270708 270605
270709 270606
270710 270607
270711 270608
270712 270609
270713 270610
270714 270611
270715 270612
270716 270613
270717 270614
270718 270615
270719 270616
270720 270617
270721 270618
270722 270619
270723 270620
270724 270621
270725 270622
270726 270623
270727 270624
270728 270625
270729 270626
270730 270627
270731 270628
270801 270629
270802 270701
270803 270702
270804 270703
270805 270704
270806 270705
270807 270706
270808 270707
270809 270708
270810 270709
270811 270710
270812 270711
270813 270712
270814 270713
270815 270714
270816 270715
270817 270716
270818 270717
270819 270718
270820 270719
270821 270720
270822 270721
270823 270722
270824 270723
270825 270724
270826 270725
270827 270726
270828 270727
270829 270728
270830 270729
270831 270730
270901 270801
270902 270802
270903 270803
270904 270804
270905 270805
270906 270806
270907 270807
270908 270808
270909 270809
270910 270810
270911 270811
270912 270812
270913 270813
270914 270814
270915 270815
270916 270816
270917 270817
270918 270818
270919 270819
270920 270820
270921 270821
270922 270822
270923 270823
270924 270824
270925 270825
270926 270826
270927 270827
270928 270828
270929 270829
270930 270901
271001 270902
271002 270903
271003 270904
271004 270905
271005 270906
271006 270907
271007 270908
271008 270909
271009 270910
271010 270911
271011 270912
271012 270913
271013 270914
271014 270915
271015 270916
271016 270917
271017 270918
271018 270919
271019 270920
271020 270921
271021 270922
271022 270923
271023 270924
271024 270925
271025 270926
271026 270927
271027 270928
271028 270929
271029 271001
271030 271002
271031 271003
271101 271004
271102 271005
271103 271006
271104 271007
271105 271008
271106 271009
271107 271010
271108 271011
271109 271012
271110 271013
271111 271014
271112 271015
271113 271016
271114 271017
271115 271018
271116 271019
271117 271020
271118 271021
271119 271022
271120 271023
271121 271024
271122 271025
271123 271026
271124 271027
271125 271028
271126 271029
271127 271030
271128 271101
271129 271102
271130 271103
271201 271104
271202 271105
271203 271106
271204 271107
271205 271108
271206 271109
271207 271110
271208 271111
271209 271112
271210 271113
271211 271114
271212 271115
271213 271116
271214 271117
271215 271118
271216 271119
271217 271120
271218 271121
271219 271122
271220 271123
271221 271124
271222 271125
271223 271126
271224 271127
271225 271128
271226 271129
271227 271130
271228 271201
271229 271202
271230 271203
271231 271204
280101 271205
280102 271206
280103 271207
280104 271208
280105 271209
280106 271210
280107 271211
280108 271212
280109 271213
280110 271214
280111 271215
280112 271216
280113 271217
280114 271218
280115 271219
280116 271220
280117 271221
280118 271222
280119 271223
280120 271224
280121 271225
280122 271226
280123 271227
280124 271228
280125 271229
280126 270101
280127 270102
280128 270103
280129 270104
280130 270105
280131 270106
280201 270107
280202 270108
280203 270109
280204 280110
280205 280111
280206 280112
280207 280113
280208 280114
280209 280115
280210 280116
280211 280117
280212 280118
280213 280119
280214 280120
280215 280121
280216 280122
280217 280123
280218 280124
280219 280125
280220 280126
280221 280127
280222 280128
280223 280129
280224 280130
280225 280201
280226 280202
280227 280203
280228 280204
280229 280205
280301 280206
280302 280207
280303 280208
280304 280209
280305 280210
280306 280211
280307 280212
280308 280213
280309 280214
280310 280215
280311 280216
280312 280217
280313 280218
280314 280219
280315 280220
280316 280221
280317 280222
280318 280223
280319 280224
280320 280225
280321 280226
280322 280227
280323 280228
280324 280229
280325 280230
280326 280301
280327 280302
280328 280303
280329 280304
280330 280305
280331 280306
280401 280307
280402 280308
280403 280309
280404 280310
280405 280311
280406 280312
280407 280313
280408 280314
280409 280315
280410 280316
280411 280317
280412 280318
280413 280319
280414 280320
280415 280321
280416 280322
280417 280323
280418 280324
280419 280325
280420 280326
280421 280327
280422 280328
280423 280329
280424 280330
280425 280401
280426 280402
280427 280403
280428 280404
280429 280405
280430 280406
280501 280407
280502 280408
280503 280409
280504 280410
280505 280411
280506 280412
280507 280413
280508 280414
280509 280415
280510 280416
280511 280417
280512 280418
280513 280419
280514 280420
280515 280421
280516 280422
280517 280423
280518 280424
280519 280425
280520 280426
280521 280427
280522 280428
280523 280429
280524 280501
280525 280502
280526 280503
280527 280504
280528 280505
280529 280506
280530 280507
280531 280508
280601 280509
280602 280510
280603 280511
280604 280512
280605 280513
280606 280514
280607 280515
280608 280516
280609 280517
280610 280518
280611 280519
280612 280520
280613 280521
280614 280522
280615 280523
280616 280524
280617 280525
280618 280526
280619 280527
280620 280528
280621 280529
280622 280530
280623 280501
280624 280502
280625 280503
280626 280504
280627 280505
280628 280506
280629 280507
280630 280508
280701 280509
280702 280510
280703 280511
280704 280512
280705 280513
280706 280514
280707 280515
280708 280516
280709 280517
280710 280518
280711 280519
280712 280520
280713 280521
280714 280522
280715 280523
280716 280524
280717 280525
280718 280526
280719 280527
280720 280528
280721 280529
280722 280601
280723 280602
280724 280603
280725 280604
280726 280605
280727 280606
280728 280607
280729 280608
280730 280609
280731 280610
280801 280611
280802 280612
280803 280613
280804 280614
280805 280615
280806 280616
280807 280617
280808 280618
280809 280619
280810 280620
280811 280621
280812 280622
280813 280623
280814 280624
280815 280625
280816 280626
280817 280627
280818 280628
280819 280629
280820 280701
280821 280702
280822 280703
280823 280704
280824 280705
280825 280706
280826 280707
280827 280708
280828 280709
280829 280710
280830 280711
280831 280712
280901 280713
280902 280714
280903 280715
280904 280716
280905 280717
280906 280718
280907 280719
280908 280720
280909 280721
280910 280722
280911 280723
280912 280724
280913 280725
280914 280726
280915 280727
280916 280728
280917 280729
280918 280730
280919 280801
280920 280802
280921 280803
280922 280804
280923 280805
280924 280806
280925 280807
280926 280808
280927 280809
280928 280810
280929 280811
280930 280812
281001 280813
281002 280814
281003 280815
281004 280816
281005 280817
281006 280818
281007 280819
281008 280820
281009 280821
281010 280822
281011 280823
281012 280824
281013 280825
281014 280826
281015 280827
281016 280828